unique~ 0 walks 0 0 0 0 0 0 0 0 0
human~ 1 walks 0 0 0 0 0 0 0 2101377 2047
elf~ 1 walks 0 512 0 0 0 2 33554432 2101377 2047
dwarf~ 1 walks 0 512 0 0 0 67584 131072 2101377 2047
giant~ 1 stomps 0 0 0 0 0 384 33280 2101377 2047
third~ 1 walks 0 0 0 0 0 262144 768 2101377 2047
Saiyan~ 1 walks 0 0 0 0 0 65536 4 2101377 2047
Juraian~ 1 walks 0 32 0 0 0 0 0 2101377 2047
demon~ 1 flies 0 1048576 0 0 0 0 17920 2101377 2047
skeleton~ 1 walks 0 512 0 0 100482 0 1296 256 455
half-golem~ 1 walks 0 512 0 0 128 2 33554464 2101377 2047
bat~ 0 flies 0 34078720 0 160 0 0 262144 2097217 34493
bear~ 0 walks 0 0 0 16408 0 272 0 2097217 3147455
biohuman~ 0 walks 0 0 0 8 0 2 0 2097217 2047
cat~ 0 walks 0 33554432 0 160 0 0 0 2097217 3212989
centipede~ 0 slithers 0 33554432 0 0 0 288 16 16451 1029
dog~ 0 walks 0 0 0 128 0 0 0 2097217 3147453
doll~ 0 floats 0 0 0 0 243968 262160 18112 268440080 1223
dragon~ 0 soars 0 524800 0 0 0 146 288 33554561 11634685
fido~ 0 walks 0 0 0 131104 0 0 4 2097219 2164413
fox~ 0 walks 0 33554432 0 160 0 0 0 2097217 2164413
goblin~ 0 walks 0 512 0 0 0 65536 4 2101377 2047
hobgoblin~ 0 walks 0 512 0 0 0 67584 0 2101377 16779263
kobold~ 0 walks 0 512 0 0 0 2048 4 2101379 67583
lizard~ 0 slithers 0 0 0 0 0 2048 256 276824129 2163901
modron~ 0 walks 0 512 0 196608 0 110594 1408 128 1735
orc~ 0 walks 0 512 0 0 0 65536 262144 2101377 2047
pig~ 0 walks 0 0 0 0 0 0 0 2097217 1725
rabbit~ 0 hops 0 0 0 160 0 0 0 2097217 1725
school monster~ 0 walks 1048576 0 0 0 3 0 4 2101249 1115839
snake~ 0 slithers 0 0 0 0 0 2048 256 293601345 10554425
song bird~ 0 soars 0 524288 0 160 0 0 0 4194369 33981
troll~ 0 walks 0 268436000 0 8 0 18 1152 2101379 3147775
water fowl~ 0 flies 0 134742016 0 0 0 131072 0 4194369 33981
wolf~ 0 walks 0 33554432 0 160 0 0 0 2097217 2164285
wyvern~ 0 flies 0 524328 0 164 2048 0 262144 33554499 10553021
bugrom~ 0 marches 0 0 0 0 0 0 0 2097217 2163901
$

/*
name, pcRace?, walk, act, aff_by, aff_by_2, off, imm, res, vuln, form, parts
*/
